(swalp) qian@salad:~/mi2019/SWALP$ ./exp/block_vgg_swa.sh CIFAR10 100
Checkpoint directory ./checkpoint/block-CIFAR10-VGG16LP/seed100
Tensorboard loggint at runs/block-CIFAR10-VGG16LP/seed100_10_24_00_36
Prepare data loaders:
Loading dataset CIFAR10 from .
Files already downloaded and verified
Files already downloaded and verified
Files already downloaded and verified
Prepare quantizers:
Block rounding, W:8, A:8, G:8, E:8, Acc:8
lr init: 0.05
swa start: 200.0 swa lr: 0.01
Model: VGG16LP
Prepare SWA training
----  --------  ---------  --------  ---------  --------  ------------  --------
  ep        lr    tr_loss    tr_acc    te_loss    te_acc  swa_te_acc        time
----  --------  ---------  --------  ---------  --------  ------------  --------
   1    0.0500     2.0653   19.5480     1.9239   24.6900                 55.5085
   2    0.0500     1.7633   30.0660     1.6017   35.2400                 53.4524
   3    0.0500     1.5594   39.6820     1.4158   45.9200                 53.6525
   4    0.0500     1.3844   49.3360     1.3408   52.6000                 53.5726
   5    0.0500     1.1942   58.0640     1.1000   62.7100                 53.6216
   6    0.0500     1.0606   63.4540     1.0450   64.0700                 53.5982
   7    0.0500     0.9740   66.9160     0.8360   72.9200                 53.6021
   8    0.0500     0.9073   70.1240     0.9251   69.7700                 53.5903
   9    0.0500     0.8320   72.6620     0.7684   75.2600                 53.5518
  10    0.0500     0.8062   73.9400     0.7773   74.0600                 53.6175
  11    0.0500     0.7463   76.0520     0.6718   78.1500                 53.4811
  12    0.0500     0.7074   77.3080     0.6493   78.7500                 53.5535
  13    0.0500     0.6987   77.7780     0.7187   76.7000                 53.6136
  14    0.0500     0.6695   78.6660     0.6681   78.6400                 53.4640
  15    0.0500     0.6431   79.5700     0.6826   78.6400                 53.6047
  16    0.0500     0.6137   80.3640     0.6211   80.3400                 53.5868
  17    0.0500     0.6009   80.8360     0.6039   81.1300                 53.5789
  18    0.0500     0.5881   81.4380     0.6008   80.7100                 53.5323
  19    0.0500     0.5723   81.8340     0.5711   82.4700                 53.6046
  20    0.0500     0.5548   82.3820     0.6526   79.2700                 53.5115
  21    0.0500     0.5659   82.1700     0.5647   82.1300                 53.5367
  22    0.0500     0.5444   83.1180     0.6338   80.0700                 53.6021
  23    0.0500     0.5427   82.9820     0.6362   81.2800                 53.5993
  24    0.0500     0.5229   83.6400     0.5371   82.8000                 53.5278
  25    0.0500     0.5276   83.6180     0.5432   83.1600                 53.5619
  26    0.0500     0.5186   83.6960     0.6648   78.9900                 53.5238
  27    0.0500     0.5087   84.0580     0.6210   81.2200                 53.5727
  28    0.0500     0.5099   84.1160     0.5357   83.1200                 53.5647
  29    0.0500     0.4922   84.4260     0.6670   79.1900                 53.6075
  30    0.0500     0.4861   84.7200     0.5471   82.9200                 53.5894
  31    0.0500     0.4632   85.4760     0.5698   82.0200                 53.5753
  32    0.0500     0.4915   84.6100     0.5280   83.4800                 53.5844
  33    0.0500     0.4763   85.0500     0.5789   82.4400                 53.6232
  34    0.0500     0.4873   84.7640     0.5440   83.4600                 53.5570
  35    0.0500     0.4661   85.2520     0.5385   82.7000                 53.4630
  36    0.0500     0.4498   86.1480     0.4966   84.8800                 53.4152
  37    0.0500     0.4613   85.5300     0.5338   83.6700                 53.5538
  38    0.0500     0.4523   85.7420     0.5076   83.6100                 53.6231
  39    0.0500     0.4551   85.8840     0.6546   80.9900                 53.4009
  40    0.0500     0.4362   86.3440     0.5657   83.6000                 53.5381
----  --------  ---------  --------  ---------  --------  ------------  --------
  ep        lr    tr_loss    tr_acc    te_loss    te_acc  swa_te_acc        time
----  --------  ---------  --------  ---------  --------  ------------  --------
  41    0.0500     0.4566   85.6780     0.4826   84.8700                 53.5971
  42    0.0500     0.4358   86.3240     0.4822   84.8900                 53.5822
  43    0.0500     0.4332   86.3500     0.5496   83.5600                 53.6073
  44    0.0500     0.4448   85.9380     0.5347   83.5000                 53.6277
  45    0.0500     0.4322   86.4580     0.5127   84.5500                 53.5732
  46    0.0500     0.4236   86.6880     0.4566   85.4500                 53.5788
  47    0.0500     0.4316   86.3960     0.5191   84.1900                 53.6001
  48    0.0500     0.4269   86.4200     0.4978   84.8900                 53.5560
  49    0.0500     0.4301   86.4680     0.4666   85.4400                 53.6306
  50    0.0500     0.4261   86.7300     0.5009   84.4200                 53.7184
  51    0.0500     0.4110   86.8920     0.4834   85.2400                 53.6227
  52    0.0500     0.4230   86.7020     0.4687   85.1800                 53.5387
  53    0.0500     0.4235   86.7080     0.4580   85.5900                 53.5417
  54    0.0500     0.4282   86.7580     0.5193   84.1500                 53.4753
  55    0.0500     0.4128   87.1520     0.5255   84.3200                 53.5241
  56    0.0500     0.4112   87.0020     0.4580   85.9100                 53.5723
  57    0.0500     0.4150   87.0260     0.4737   85.3500                 53.5473
  58    0.0500     0.4054   87.2680     0.4553   84.8100                 53.6150
  59    0.0500     0.4015   87.4920     0.5255   84.1700                 53.5996
  60    0.0500     0.4051   87.2400     0.4951   84.1600                 53.5551
  61    0.0500     0.3959   87.6000     0.5958   83.3300                 53.6247
  62    0.0500     0.4107   87.1160     0.4667   86.2600                 53.5134
  63    0.0500     0.3967   87.6600     0.4508   85.7900                 53.5786
  64    0.0500     0.4033   87.4560     0.4858   84.7100                 53.5504
  65    0.0500     0.4040   87.4900     0.4667   85.4900                 53.6203
  66    0.0500     0.4047   87.4540     0.4731   85.3200                 53.6250
  67    0.0500     0.4063   87.4040     0.4743   86.3700                 53.5784
  68    0.0500     0.4030   87.4840     0.4562   86.1000                 53.5827
  69    0.0500     0.3877   87.8320     0.4616   85.8100                 53.5413
  70    0.0500     0.3891   87.8180     0.4661   85.5200                 53.6036
  71    0.0500     0.3937   87.6060     0.4994   84.7400                 53.4528
  72    0.0500     0.3891   87.7480     0.4590   85.9900                 53.5009
  73    0.0500     0.4005   87.5160     0.5038   85.2900                 53.5034
  74    0.0500     0.3989   87.6220     0.4896   84.1000                 53.5184
  75    0.0500     0.3869   87.7160     0.4424   86.6000                 53.5170
  76    0.0500     0.3899   87.9860     0.5528   83.9500                 53.5735
  77    0.0500     0.3871   87.8960     0.4271   85.9800                 53.5571
  78    0.0500     0.3921   87.7260     0.4608   85.9000                 53.5513
  79    0.0500     0.3841   88.0980     0.4774   85.3400                 53.5950
  80    0.0500     0.3804   88.0000     0.4140   87.4800                 53.6234
----  --------  ---------  --------  ---------  --------  ------------  --------
  ep        lr    tr_loss    tr_acc    te_loss    te_acc  swa_te_acc        time
----  --------  ---------  --------  ---------  --------  ------------  --------
  81    0.0500     0.3860   88.0600     0.4941   84.8100                 53.5707
  82    0.0500     0.3898   87.9680     0.5080   84.5500                 53.5334
  83    0.0500     0.3829   88.0740     0.4343   86.4400                 53.4711
  84    0.0500     0.3866   88.1200     0.5018   84.2900                 53.6493
  85    0.0500     0.3797   88.2980     0.4567   86.7500                 53.5938
  86    0.0500     0.3820   88.2380     0.4753   85.7300                 53.5835
  87    0.0500     0.3773   88.2720     0.4893   85.0500                 53.4077
  88    0.0500     0.3788   88.1820     0.5493   83.8100                 53.5475
  89    0.0500     0.3776   88.1320     0.4526   85.7800                 53.5339
  90    0.0500     0.3915   87.6980     0.5364   84.7200                 53.5255
  91    0.0500     0.3867   87.9500     0.4226   86.4700                 53.6249
  92    0.0500     0.3729   88.3300     0.4500   85.8800                 53.6166
  93    0.0500     0.3827   88.2000     0.5300   84.6100                 53.5367
  94    0.0500     0.3737   88.3080     0.4311   86.4600                 53.5570
  95    0.0500     0.3846   87.9800     0.4661   86.1300                 53.6461
  96    0.0500     0.3735   88.3880     0.4918   84.9000                 53.6431
  97    0.0500     0.3847   88.1660     0.4665   86.2700                 53.5736
  98    0.0500     0.3690   88.5760     0.4295   86.4900                 53.5817
  99    0.0500     0.3713   88.4520     0.4424   86.5100                 53.6418
 100    0.0500     0.3717   88.4800     0.5043   85.0100                 53.7086
 101    0.0500     0.3756   88.1980     0.5516   85.5600                 53.5930
 102    0.0494     0.3633   88.4660     0.4808   85.7200                 53.4842
 103    0.0488     0.3592   88.7520     0.4424   86.6200                 53.4342
 104    0.0481     0.3684   88.6200     0.4440   86.1900                 53.4913
 105    0.0475     0.3594   88.6920     0.4381   86.6500                 53.5342
 106    0.0469     0.3503   89.1080     0.4609   86.0800                 53.5957
 107    0.0463     0.3358   89.3000     0.4167   87.2900                 53.5940
 108    0.0457     0.3428   89.1340     0.4405   86.3100                 53.4893
 109    0.0450     0.3464   89.1880     0.4460   86.0000                 53.5977
 110    0.0444     0.3380   89.3980     0.3780   87.8900                 53.4954
 111    0.0438     0.3285   89.7820     0.4898   86.0900                 53.5774
 112    0.0432     0.3315   89.5660     0.4331   87.0800                 53.5096
 113    0.0426     0.3185   90.0400     0.4502   85.8600                 53.5415
 114    0.0420     0.3236   89.8100     0.4154   87.0200                 53.5383
 115    0.0413     0.3160   90.0840     0.3914   87.4400                 53.6262
 116    0.0407     0.3196   89.9700     0.4456   86.2900                 53.6154
 117    0.0401     0.2956   90.5080     0.4486   86.2200                 53.4738
 118    0.0395     0.3080   90.3320     0.3754   88.4300                 53.5279
 119    0.0389     0.2907   90.7800     0.3902   88.2900                 53.6340
 120    0.0382     0.2979   90.6820     0.4483   86.4700                 53.5496
----  --------  ---------  --------  ---------  --------  ------------  --------
  ep        lr    tr_loss    tr_acc    te_loss    te_acc  swa_te_acc        time
----  --------  ---------  --------  ---------  --------  ------------  --------
 121    0.0376     0.2953   90.7060     0.4433   86.9500                 53.6378
 122    0.0370     0.2946   90.6960     0.4234   86.7100                 53.6147
 123    0.0364     0.2821   91.1020     0.3701   89.1300                 53.5974
 124    0.0358     0.2770   91.4100     0.3946   87.5300                 53.4860
 125    0.0352     0.2698   91.4420     0.4096   87.4800                 53.5466
 126    0.0345     0.2578   91.6820     0.3795   87.8400                 53.5332
 127    0.0339     0.2605   91.7720     0.3887   88.5400                 53.5807
 128    0.0333     0.2585   91.8700     0.4105   87.0700                 53.4064
 129    0.0327     0.2528   92.0780     0.4106   87.8100                 53.5202
 130    0.0321     0.2427   92.1540     0.3887   88.5700                 53.6582
 131    0.0314     0.2460   92.0860     0.4044   88.7900                 53.5699
 132    0.0308     0.2420   92.2900     0.3570   89.2400                 53.6149
 133    0.0302     0.2347   92.3800     0.4184   87.3900                 53.4798
 134    0.0296     0.2262   92.7720     0.3834   88.6900                 53.6387
 135    0.0290     0.2221   92.8520     0.3708   89.0900                 53.6372
 136    0.0283     0.2224   93.0180     0.3755   88.7900                 53.4931
 137    0.0277     0.2098   93.3020     0.3970   88.6000                 53.5338
 138    0.0271     0.2196   93.0460     0.3594   89.1900                 53.6381
 139    0.0265     0.2087   93.2940     0.3637   89.5000                 53.6555
 140    0.0259     0.1964   93.7300     0.3646   89.2300                 53.6704
 141    0.0253     0.1934   93.8440     0.3498   89.6600                 53.5316
 142    0.0246     0.1883   94.0580     0.3710   89.0600                 53.6343
 143    0.0240     0.1900   93.8580     0.3399   89.7100                 53.4908
 144    0.0234     0.1806   94.3100     0.3860   89.0800                 53.4838
 145    0.0228     0.1765   94.3240     0.3491   89.3500                 53.5289
 146    0.0222     0.1748   94.4920     0.3525   89.3600                 53.5932
 147    0.0215     0.1739   94.4160     0.3371   90.0300                 53.4783
 148    0.0209     0.1628   94.6960     0.3503   89.2700                 53.5202
 149    0.0203     0.1663   94.6940     0.3301   90.1800                 53.5904
 150    0.0197     0.1478   95.1620     0.3286   90.3500                 53.7121
 151    0.0191     0.1456   95.3300     0.3798   89.9500                 53.7722
 152    0.0184     0.1426   95.4700     0.3598   89.5800                 53.4399
 153    0.0178     0.1474   95.2580     0.3624   89.7800                 53.5583
 154    0.0172     0.1367   95.6380     0.3560   89.1600                 53.5002
 155    0.0166     0.1327   95.6760     0.3520   89.8800                 53.5405
 156    0.0160     0.1228   96.1340     0.3894   89.6200                 53.5561
 157    0.0154     0.1217   96.1420     0.3441   90.3500                 53.5564
 158    0.0147     0.1185   96.1480     0.3433   90.6200                 53.5897
 159    0.0141     0.1055   96.6180     0.3766   89.7300                 53.4616
 160    0.0135     0.1038   96.6920     0.3530   90.2400                 53.6260
----  --------  ---------  --------  ---------  --------  ------------  --------
  ep        lr    tr_loss    tr_acc    te_loss    te_acc  swa_te_acc        time
----  --------  ---------  --------  ---------  --------  ------------  --------
 161    0.0129     0.0966   96.9380     0.3595   90.1500                 53.5162
 162    0.0123     0.0915   97.0780     0.3617   90.5100                 53.6361
 163    0.0116     0.0863   97.2320     0.3608   90.3100                 53.5042
 164    0.0110     0.0810   97.3960     0.3580   90.2300                 53.6527
 165    0.0104     0.0783   97.4480     0.3199   91.7300                 53.4979
 166    0.0098     0.0733   97.5840     0.3353   90.8500                 53.6826
 167    0.0092     0.0644   97.9360     0.3625   90.6700                 53.6329
 168    0.0085     0.0629   97.9880     0.3568   91.2500                 53.5666
 169    0.0079     0.0564   98.2040     0.3453   91.2800                 53.5676
 170    0.0073     0.0535   98.2120     0.3495   91.7200                 53.4359
 171    0.0067     0.0477   98.4300     0.3270   91.8300                 53.5049
 172    0.0061     0.0428   98.6640     0.3378   91.5800                 53.6826
 173    0.0055     0.0366   98.8720     0.3325   91.8100                 53.5841
 174    0.0048     0.0311   98.9860     0.3662   91.3700                 53.5478
 175    0.0042     0.0260   99.1440     0.3629   91.9100                 53.5649
 176    0.0036     0.0223   99.3160     0.3468   92.3100                 53.6006
 177    0.0030     0.0218   99.3400     0.3441   92.0400                 53.6493
 178    0.0024     0.0162   99.5060     0.3468   92.2400                 53.5899
 179    0.0017     0.0153   99.5400     0.3447   92.3000                 53.6709
 180    0.0011     0.0118   99.6300     0.3511   92.5500                 53.6594
 181    0.0005     0.0092   99.7520     0.3511   92.5700                 53.5194
 182    0.0005     0.0099   99.7100     0.3575   92.5200                 53.5372
 183    0.0005     0.0092   99.7340     0.3486   92.7200                 53.6726
 184    0.0005     0.0082   99.7660     0.3513   92.6300                 53.6728
 185    0.0005     0.0094   99.7220     0.3514   92.7000                 53.6511
 186    0.0005     0.0085   99.7260     0.3571   92.6700                 53.6078
 187    0.0005     0.0075   99.7760     0.3587   92.7600                 53.6686
 188    0.0005     0.0087   99.7440     0.3543   92.6900                 53.5932
 189    0.0005     0.0076   99.7840     0.3539   92.7500                 53.6412
 190    0.0005     0.0084   99.7660     0.3526   92.7200                 53.5931
 191    0.0005     0.0078   99.7740     0.3576   92.6800                 53.5978
 192    0.0005     0.0069   99.7980     0.3592   92.6400                 53.5534
 193    0.0005     0.0071   99.8040     0.3646   92.6900                 53.5697
 194    0.0005     0.0071   99.7800     0.3688   92.6200                 53.6319
 195    0.0005     0.0060   99.8360     0.3678   92.5500                 53.5066
 196    0.0005     0.0066   99.7880     0.3628   92.8100                 53.6614
 197    0.0005     0.0077   99.7700     0.3678   92.7100                 53.4954
 198    0.0005     0.0067   99.8100     0.3671   92.6900                 53.6342
 199    0.0005     0.0069   99.8060     0.3680   92.6700                 53.6049
 200    0.0005     0.0068   99.8020     0.3701   92.6600       92.6400   54.8564
----  --------  ---------  --------  ---------  --------  ------------  --------
  ep        lr    tr_loss    tr_acc    te_loss    te_acc    swa_te_acc      time
----  --------  ---------  --------  ---------  --------  ------------  --------
 201    0.0100     0.0845   97.2540     0.3479   90.7600       92.5600   54.8050
 202    0.0100     0.0888   97.0620     0.3597   90.6500       92.3800   54.9093
 203    0.0100     0.0874   97.1100     0.3917   89.9500       92.4700   54.8135
 204    0.0100     0.0882   97.2040     0.3914   89.8300       92.6900   54.7072
 205    0.0100     0.0895   97.1100     0.3442   90.7400       92.8300   54.7975
 206    0.0100     0.0890   97.1420     0.3495   90.6600       92.7800   54.7930
 207    0.0100     0.0860   97.1540     0.3563   90.2600       92.7300   54.8519
 208    0.0100     0.0855   97.3000     0.3506   91.0600       92.8800   54.7208
 209    0.0100     0.0846   97.3140     0.3632   90.9500       92.8800   54.7118
 210    0.0100     0.0868   97.2460     0.3561   90.0400       92.8200   54.5774
 211    0.0100     0.0890   97.1500     0.3557   90.4400       92.8700   54.7369
 212    0.0100     0.0814   97.3100     0.3888   89.6900       92.8500   54.7791
 213    0.0100     0.0920   97.0560     0.3678   90.3500       92.8900   54.7551
 214    0.0100     0.0773   97.5260     0.3556   90.2800       92.9800   54.7520
 215    0.0100     0.0831   97.2900     0.3505   90.9900       93.0000   54.7713
 216    0.0100     0.0850   97.2240     0.3987   90.0700       93.0900   54.8756
 217    0.0100     0.0789   97.4200     0.3885   90.3200       93.1100   54.7924
 218    0.0100     0.0773   97.4780     0.3844   89.7200       93.1000   54.7117
 219    0.0100     0.0830   97.2800     0.3920   90.0900       93.1600   54.8115
 220    0.0100     0.0815   97.3760     0.3562   90.7100       93.1900   54.7360
 221    0.0100     0.0781   97.4620     0.3636   90.7000       93.1800   54.8205
 222    0.0100     0.0792   97.4900     0.3403   90.9500       93.1500   54.8370
 223    0.0100     0.0794   97.3860     0.3500   90.8200       93.2200   54.7848
 224    0.0100     0.0842   97.2920     0.3540   90.6900       93.2500   54.8054
 225    0.0100     0.0840   97.2060     0.3555   90.1100       93.2000   54.9351
 226    0.0100     0.0810   97.3420     0.3315   90.8000       93.2700   54.7437
 227    0.0100     0.0788   97.4220     0.3680   90.1000       93.2300   54.6274
 228    0.0100     0.0815   97.2920     0.3605   90.4500       93.2400   54.8945
 229    0.0100     0.0818   97.3220     0.3818   90.2800       93.3100   54.8843
 230    0.0100     0.0865   97.2140     0.3460   90.8000       93.3000   54.9188
 231    0.0100     0.0782   97.5120     0.3750   90.6200       93.3200   54.9536
 232    0.0100     0.0810   97.3440     0.3802   90.2800       93.3000   54.9057
 233    0.0100     0.0806   97.3780     0.3848   90.4500       93.3200   54.8861
 234    0.0100     0.0775   97.4400     0.3562   90.6900       93.3100   54.8628
 235    0.0100     0.0796   97.3740     0.3702   90.4100       93.2600   54.8537
 236    0.0100     0.0780   97.4060     0.3539   90.3700       93.3200   54.8282
 237    0.0100     0.0852   97.2960     0.3547   90.8100       93.2700   54.9613
 238    0.0100     0.0833   97.3040     0.3464   90.1300       93.2800   54.9004
 239    0.0100     0.0783   97.4740     0.3621   90.6600       93.3000   54.7143
 240    0.0100     0.0781   97.4080     0.3495   90.9900       93.2900   54.8769
----  --------  ---------  --------  ---------  --------  ------------  --------
  ep        lr    tr_loss    tr_acc    te_loss    te_acc    swa_te_acc      time
----  --------  ---------  --------  ---------  --------  ------------  --------
 241    0.0100     0.0756   97.4880     0.3382   90.8100       93.3000   54.8651
 242    0.0100     0.0745   97.5740     0.3639   90.8200       93.3600   54.9451
 243    0.0100     0.0772   97.4800     0.3958   90.0400       93.3500   54.9284
 244    0.0100     0.0795   97.4120     0.4469   88.6200       93.3800   54.7904
 245    0.0100     0.0807   97.4240     0.4149   89.7500       93.4000   54.9583
 246    0.0100     0.0775   97.4720     0.3593   90.6800       93.4500   54.8761
 247    0.0100     0.0794   97.4460     0.4133   89.8500       93.4400   55.0167
 248    0.0100     0.0784   97.4720     0.3756   90.4700       93.4600   54.8807
 249    0.0100     0.0811   97.3500     0.3860   89.9100       93.4700   54.9804
 250    0.0100     0.0766   97.5540     0.3886   90.4100       93.4500   54.9830
 251    0.0100     0.0818   97.3660     0.3770   90.6500       93.4700   54.9718
 252    0.0100     0.0787   97.4820     0.3865   90.2400       93.4900   54.8464
 253    0.0100     0.0810   97.4020     0.3899   89.9700       93.4800   54.9427
 254    0.0100     0.0739   97.5780     0.3609   90.4300       93.5300   55.0100
 255    0.0100     0.0784   97.4700     0.4094   90.3400       93.5300   54.9369
 256    0.0100     0.0752   97.5280     0.3632   90.7600       93.4900   55.0636
 257    0.0100     0.0758   97.5520     0.3888   90.2500       93.4600   54.7905
 258    0.0100     0.0780   97.5240     0.3614   90.3200       93.4700   55.0018
 259    0.0100     0.0778   97.5140     0.3958   90.7000       93.4900   54.9581
 260    0.0100     0.0776   97.4980     0.3689   90.3900       93.4300   54.8241
 261    0.0100     0.0766   97.5060     0.3541   90.7900       93.4600   54.8646
 262    0.0100     0.0809   97.4300     0.3630   90.4800       93.4200   54.8327
 263    0.0100     0.0793   97.4340     0.3568   90.9000       93.4400   54.9448
 264    0.0100     0.0810   97.3660     0.3601   90.4000       93.4200   54.7607
 265    0.0100     0.0783   97.4180     0.3909   90.3100       93.4200   55.0038
 266    0.0100     0.0759   97.5040     0.3654   90.4900       93.3800   54.8677
 267    0.0100     0.0774   97.4980     0.3850   90.1700       93.4200   54.8879
 268    0.0100     0.0745   97.5140     0.3644   90.8600       93.4200   55.0046
 269    0.0100     0.0722   97.6180     0.3655   90.3000       93.4300   54.9364
 270    0.0100     0.0767   97.5100     0.4053   89.8700       93.4300   54.9357
 271    0.0100     0.0729   97.6180     0.3892   90.3200       93.4300   54.9201
 272    0.0100     0.0762   97.5200     0.3804   90.1900       93.4700   54.9208
 273    0.0100     0.0809   97.3860     0.3490   90.8300       93.4700   54.9606
 274    0.0100     0.0816   97.3480     0.3709   90.2400       93.4200   54.8729
 275    0.0100     0.0773   97.4800     0.3998   90.0100       93.3700   54.8625
 276    0.0100     0.0762   97.4740     0.4099   90.1100       93.3700   54.7487
 277    0.0100     0.0732   97.6780     0.3792   90.0500       93.3400   54.9868
 278    0.0100     0.0712   97.7160     0.3928   90.3300       93.3800   54.8640
 279    0.0100     0.0755   97.4620     0.4113   90.2200       93.3900   54.8828
 280    0.0100     0.0742   97.5780     0.3658   90.9800       93.4200   54.9380
----  --------  ---------  --------  ---------  --------  ------------  --------
  ep        lr    tr_loss    tr_acc    te_loss    te_acc    swa_te_acc      time
----  --------  ---------  --------  ---------  --------  ------------  --------
 281    0.0100     0.0724   97.6840     0.4023   89.5500       93.4000   54.8504
 282    0.0100     0.0779   97.4580     0.3658   90.3200       93.4500   54.8468
 283    0.0100     0.0745   97.6160     0.3880   90.6700       93.4700   54.9738
 284    0.0100     0.0737   97.6220     0.3776   90.1700       93.3800   54.9428
 285    0.0100     0.0759   97.4860     0.3462   91.0100       93.3800   54.8640
 286    0.0100     0.0765   97.5120     0.3759   90.2100       93.3800   54.7746
 287    0.0100     0.0731   97.6360     0.3752   89.8300       93.3500   54.8548
 288    0.0100     0.0765   97.4860     0.3680   90.8400       93.3500   54.9735
 289    0.0100     0.0742   97.5560     0.3782   90.4900       93.3500   54.9688
 290    0.0100     0.0708   97.6220     0.3996   90.1600       93.3400   54.9134
 291    0.0100     0.0764   97.5520     0.3777   90.1800       93.3500   55.0113
 292    0.0100     0.0727   97.6720     0.4391   88.9300       93.3700   54.9155
 293    0.0100     0.0782   97.4560     0.3544   91.1200       93.3700   54.8994
 294    0.0100     0.0780   97.4880     0.3759   90.4600       93.4100   54.9226
 295    0.0100     0.0780   97.4440     0.4226   89.4600       93.4000   54.9353
 296    0.0100     0.0722   97.6380     0.3973   90.0100       93.3900   54.8948
 297    0.0100     0.0708   97.6660     0.3882   90.0600       93.4000   54.9627
 298    0.0100     0.0762   97.5700     0.4038   89.7800       93.4000   54.7182
 299    0.0100     0.0742   97.5700     0.3808   90.4200       93.3900   54.9483
 300    0.0100     0.0737   97.5740     0.3563   90.5000       93.4100   54.9172
Done
SGD Error : 7.340000000000003
SWA Error : 6.609999999999999

